
Test Start Time: 27-Jul-2018 15:34:12
=======================================
DR 	 RL 	 CS 	 CL 	 ReT 	 CoT 	 RSz 	 CSz 	 DeT 	 ReR 	 CoR 	 RCR
0.002500 	 L2 	 DEFLATE 	 1 	 84.80 	 9.60 	 2179634.25 	 141725.08 	 0.00 	 15.39 	 15.38 	 236.76
0.005000 	 L2 	 DEFLATE 	 1 	 94.00 	 13.00 	 2259488.25 	 235687.95 	 0.00 	 14.85 	 9.59 	 142.37
0.010000 	 L2 	 DEFLATE 	 1 	 106.00 	 18.80 	 2411588.25 	 374226.25 	 0.00 	 13.91 	 6.44 	 89.66
0.020000 	 L2 	 DEFLATE 	 1 	 125.60 	 28.20 	 2686768.75 	 560923.44 	 0.00 	 12.49 	 4.79 	 59.82
0.030000 	 L2 	 DEFLATE 	 1 	 144.00 	 35.40 	 2925173.00 	 687364.31 	 0.00 	 11.47 	 4.26 	 48.82
0.040000 	 L2 	 DEFLATE 	 1 	 163.80 	 41.20 	 3130297.50 	 781833.19 	 0.00 	 10.72 	 4.00 	 42.92
0.050000 	 L2 	 DEFLATE 	 1 	 177.60 	 44.00 	 3304313.50 	 855078.88 	 0.00 	 10.15 	 3.86 	 39.24
0.060000 	 L2 	 DEFLATE 	 1 	 192.80 	 47.60 	 3450129.00 	 911276.56 	 0.00 	 9.73 	 3.79 	 36.82
0.070000 	 L2 	 DEFLATE 	 1 	 211.60 	 49.60 	 3569619.00 	 957420.50 	 0.00 	 9.40 	 3.73 	 35.05
0.080000 	 L2 	 DEFLATE 	 1 	 221.80 	 50.80 	 3665040.75 	 993602.94 	 0.00 	 9.16 	 3.69 	 33.77
0.090000 	 L2 	 DEFLATE 	 1 	 230.40 	 52.60 	 3739508.75 	 1021983.38 	 0.00 	 8.97 	 3.66 	 32.83
0.100000 	 L2 	 DEFLATE 	 1 	 239.00 	 53.00 	 3793348.25 	 1043754.38 	 0.00 	 8.85 	 3.63 	 32.15

Test Start Time: 27-Jul-2018 15:38:50
=======================================
DR 	 RL 	 CS 	 CL 	 ReT 	 CoT 	 RSz 	 CSz 	 DeT 	 ReR 	 CoR 	 RCR
0.002500 	 L4 	 DEFLATE 	 1 	 80.60 	 8.80 	 2097152.00 	 134673.38 	 0.00 	 16.00 	 15.57 	 249.15
0.005000 	 L4 	 DEFLATE 	 1 	 84.00 	 12.00 	 2097152.00 	 221799.94 	 0.00 	 16.00 	 9.46 	 151.28
0.010000 	 L4 	 DEFLATE 	 1 	 89.00 	 17.00 	 2097152.00 	 347231.53 	 0.00 	 16.00 	 6.04 	 96.63
0.020000 	 L4 	 DEFLATE 	 1 	 91.80 	 24.60 	 2097152.00 	 509512.25 	 0.00 	 16.00 	 4.12 	 65.86
0.030000 	 L4 	 DEFLATE 	 1 	 99.20 	 30.60 	 2097152.00 	 614470.56 	 0.00 	 16.00 	 3.41 	 54.61
0.040000 	 L4 	 DEFLATE 	 1 	 103.20 	 35.40 	 2097152.00 	 688972.94 	 0.00 	 16.00 	 3.04 	 48.70
0.050000 	 L4 	 DEFLATE 	 1 	 111.00 	 36.80 	 2097152.00 	 744302.94 	 0.00 	 16.00 	 2.82 	 45.08
0.060000 	 L4 	 DEFLATE 	 1 	 116.20 	 39.60 	 2097152.00 	 786701.19 	 0.00 	 16.00 	 2.67 	 42.65
0.070000 	 L4 	 DEFLATE 	 1 	 120.60 	 40.80 	 2097152.00 	 819653.44 	 0.00 	 16.00 	 2.56 	 40.94
0.080000 	 L4 	 DEFLATE 	 1 	 126.60 	 42.00 	 2097152.00 	 844813.06 	 0.00 	 16.00 	 2.48 	 39.72
0.090000 	 L4 	 DEFLATE 	 1 	 132.80 	 43.20 	 2097152.00 	 863938.25 	 0.00 	 16.00 	 2.43 	 38.84
0.100000 	 L4 	 DEFLATE 	 1 	 137.20 	 42.80 	 2097152.00 	 877428.25 	 0.00 	 16.00 	 2.39 	 38.24

Test Start Time: 27-Jul-2018 15:42:24
=======================================
DR 	 RL 	 CS 	 CL 	 ReT 	 CoT 	 RSz 	 CSz 	 DeT 	 ReR 	 CoR 	 RCR
0.002500 	 L3 	 DEFLATE 	 1 	 30.00 	 10.00 	 2097152.00 	 172232.92 	 0.00 	 16.00 	 12.18 	 194.82
0.005000 	 L3 	 DEFLATE 	 1 	 31.80 	 15.00 	 2097152.00 	 283116.59 	 0.00 	 16.00 	 7.41 	 118.52
0.010000 	 L3 	 DEFLATE 	 1 	 31.60 	 22.00 	 2097152.00 	 444565.03 	 0.00 	 16.00 	 4.72 	 75.48
0.020000 	 L3 	 DEFLATE 	 1 	 34.00 	 32.20 	 2097152.00 	 661287.81 	 0.00 	 16.00 	 3.17 	 50.74
0.030000 	 L3 	 DEFLATE 	 1 	 35.20 	 40.00 	 2097152.00 	 814445.25 	 0.00 	 16.00 	 2.57 	 41.20
0.040000 	 L3 	 DEFLATE 	 1 	 37.80 	 45.20 	 2097152.00 	 936372.81 	 0.00 	 16.00 	 2.24 	 35.83
0.050000 	 L3 	 DEFLATE 	 1 	 37.80 	 50.60 	 2097152.00 	 1039079.50 	 0.00 	 16.00 	 2.02 	 32.29
0.060000 	 L3 	 DEFLATE 	 1 	 40.20 	 54.40 	 2097152.00 	 1129831.38 	 0.00 	 16.00 	 1.86 	 29.70
0.070000 	 L3 	 DEFLATE 	 1 	 41.40 	 57.40 	 2097152.00 	 1209837.12 	 0.00 	 16.00 	 1.73 	 27.73
0.080000 	 L3 	 DEFLATE 	 1 	 43.60 	 59.80 	 2097152.00 	 1282139.62 	 0.00 	 16.00 	 1.64 	 26.17
0.090000 	 L3 	 DEFLATE 	 1 	 45.00 	 62.60 	 2097152.00 	 1346334.25 	 0.00 	 16.00 	 1.56 	 24.92
0.100000 	 L3 	 DEFLATE 	 1 	 46.20 	 64.20 	 2097152.00 	 1405606.25 	 0.00 	 16.00 	 1.49 	 23.87


Test Start Time: 27-Jul-2018 16:46:10
=======================================
DR 	 RL 	 CS 	 CL 	 ReT 	 CoT 	 RSz 	 CSz 	 DeT 	 ReR 	 CoR 	 RCR
0.002500 	 L1 	 DEFLATE 	 1 	 36.00 	 11.40 	 2189516.00 	 198828.78 	 0.00 	 15.33 	 11.01 	 168.76
0.005000 	 L1 	 DEFLATE 	 1 	 53.80 	 18.00 	 2281479.50 	 341563.19 	 0.00 	 14.71 	 6.68 	 98.24
0.010000 	 L1 	 DEFLATE 	 1 	 50.80 	 27.40 	 2464654.50 	 558012.62 	 0.00 	 13.61 	 4.42 	 60.13
0.020000 	 L1 	 DEFLATE 	 1 	 64.00 	 40.80 	 2826427.00 	 840770.06 	 0.00 	 11.87 	 3.36 	 39.91
0.030000 	 L1 	 DEFLATE 	 1 	 77.60 	 51.80 	 3183528.25 	 1068472.88 	 0.00 	 10.54 	 2.98 	 31.40
0.040000 	 L1 	 DEFLATE 	 1 	 90.60 	 63.00 	 3534693.00 	 1286487.62 	 0.00 	 9.49 	 2.75 	 26.08
0.050000 	 L1 	 DEFLATE 	 1 	 103.60 	 71.40 	 3881454.50 	 1486803.25 	 0.00 	 8.64 	 2.61 	 22.57
0.060000 	 L1 	 DEFLATE 	 1 	 117.20 	 78.80 	 4222889.50 	 1673921.62 	 0.00 	 7.95 	 2.52 	 20.05
0.070000 	 L1 	 DEFLATE 	 1 	 129.40 	 85.80 	 4559010.00 	 1847366.75 	 0.00 	 7.36 	 2.47 	 18.16
0.080000 	 L1 	 DEFLATE 	 1 	 142.40 	 93.40 	 4890543.00 	 2017366.38 	 0.00 	 6.86 	 2.42 	 16.63
0.090000 	 L1 	 DEFLATE 	 1 	 154.60 	 101.20 	 5217089.50 	 2178031.50 	 0.00 	 6.43 	 2.40 	 15.41
0.100000 	 L1 	 DEFLATE 	 1 	 166.60 	 107.80 	 5539369.00 	 2332771.75 	 0.00 	 6.06 	 2.37 	 14.38

Test Start Time: 27-Jul-2018 16:57:29
=======================================
DR 	 RL 	 CS 	 CL 	 ReT 	 CoT 	 RSz 	 CSz 	 DeT 	 ReR 	 CoR 	 RCR
0.002500 	 L0 	 DEFLATE 	 1 	 692.00 	 447.80 	 25165824.00 	 9506672.00 	 0.00 	 1.33 	 2.65 	 3.53
0.005000 	 L0 	 DEFLATE 	 1 	 688.60 	 462.20 	 25165824.00 	 10179761.00 	 0.00 	 1.33 	 2.47 	 3.30
0.010000 	 L0 	 DEFLATE 	 1 	 689.20 	 523.20 	 25165824.00 	 12204756.00 	 0.00 	 1.33 	 2.06 	 2.75
0.020000 	 L0 	 DEFLATE 	 1 	 678.40 	 526.80 	 25165824.00 	 12067567.00 	 0.00 	 1.33 	 2.09 	 2.78
0.030000 	 L0 	 DEFLATE 	 1 	 669.20 	 578.20 	 25165824.00 	 13272353.00 	 0.00 	 1.33 	 1.90 	 2.53
0.040000 	 L0 	 DEFLATE 	 1 	 669.00 	 626.60 	 25165824.00 	 14371974.00 	 0.00 	 1.33 	 1.75 	 2.33
0.050000 	 L0 	 DEFLATE 	 1 	 670.00 	 641.20 	 25165824.00 	 14925041.00 	 0.00 	 1.33 	 1.69 	 2.25
0.060000 	 L0 	 DEFLATE 	 1 	 668.40 	 645.20 	 25165824.00 	 14417786.00 	 0.00 	 1.33 	 1.75 	 2.33
0.070000 	 L0 	 DEFLATE 	 1 	 673.00 	 654.40 	 25165824.00 	 14894144.00 	 0.00 	 1.33 	 1.69 	 2.25
0.080000 	 L0 	 DEFLATE 	 1 	 673.80 	 663.40 	 25165824.00 	 14933184.00 	 0.00 	 1.33 	 1.69 	 2.25
0.090000 	 L0 	 DEFLATE 	 1 	 677.80 	 668.00 	 25165824.00 	 15062812.00 	 0.00 	 1.33 	 1.67 	 2.23
0.100000 	 L0 	 DEFLATE 	 1 	 681.00 	 662.60 	 25165824.00 	 15001665.00 	 0.00 	 1.33 	 1.68 	 2.24
